15
6
8425.85	0.00188435	0	0	0
1268.52	0.0143369	0	0	0
289.621	0.0701096	0	0	0
81.859	0.237373	0	0	0
26.2515	0.473007	0	0	0
9.09472	0.348401	0	0	0
3
26.5321	-0.107118	0	0	0
6.10176	-0.146164	0	0	0
1.69627	1.12777	0	0	0
1
0.445819	1	0	0	0
2
12.7354	1.14525	0.137277	0	0
12.7354	-1.14525	-0.137277	0	0
2
2.92884	1.14525	0.286258	0	0
2.92884	-1.14525	-0.286258	0	0
2
0.81421	1.14525	0.542922	0	0
0.81421	-1.14525	-0.542922	0	0
2
0.213993	1.14525	1.05902	0	0
0.213993	-1.14525	-1.05902	0	0
2
12.7354	1.14525	0	0.137277	0
12.7354	-1.14525	0	-0.137277	0
2
2.92884	1.14525	0	0.286258	0
2.92884	-1.14525	0	-0.286258	0
2
0.81421	1.14525	0	0.542922	0
0.81421	-1.14525	0	-0.542922	0
2
0.213993	1.14525	0	1.05902	0
0.213993	-1.14525	0	-1.05902	0
2
12.7354	1.14525	0	0	0.137277
12.7354	-1.14525	0	0	-0.137277
2
2.92884	1.14525	0	0	0.286258
2.92884	-1.14525	0	0	-0.286258
2
0.81421	1.14525	0	0	0.542922
0.81421	-1.14525	0	0	-0.542922
2
0.213993	1.14525	0	0	1.05902
0.213993	-1.14525	0	0	-1.05902
