15
6
642.419	0.00214261	0	0	0
96.7985	0.0162089	0	0	0
22.0911	0.0773156	0	0	0
6.20107	0.245786	0	0	0
1.93512	0.470189	0	0	0
0.636736	0.345471	0	0	0
3
2.32492	-0.0350917	0	0	0
0.63243	-0.191233	0	0	0
0.0790534	1.08399	0	0	0
1
0.035962	1	0	0	0
2
0.929968	1.23151	0.463747	0	0
0.929968	-1.23151	-0.463747	0	0
2
0.252972	1.23151	0.889158	0	0
0.252972	-1.23151	-0.889158	0	0
2
0.0316214	1.23151	2.51492	0	0
0.0316214	-1.23151	-2.51492	0	0
2
0.0143848	1.23151	3.72875	0	0
0.0143848	-1.23151	-3.72875	0	0
2
0.929968	1.23151	0	0.463747	0
0.929968	-1.23151	0	-0.463747	0
2
0.252972	1.23151	0	0.889158	0
0.252972	-1.23151	0	-0.889158	0
2
0.0316214	1.23151	0	2.51492	0
0.0316214	-1.23151	0	-2.51492	0
2
0.0143848	1.23151	0	3.72875	0
0.0143848	-1.23151	0	-3.72875	0
2
0.929968	1.23151	0	0	0.463747
0.929968	-1.23151	0	0	-0.463747
2
0.252972	1.23151	0	0	0.889158
0.252972	-1.23151	0	0	-0.889158
2
0.0316214	1.23151	0	0	2.51492
0.0316214	-1.23151	0	0	-2.51492
2
0.0143848	1.23151	0	0	3.72875
0.0143848	-1.23151	0	0	-3.72875
