15
6
1264.59	0.00194476	0	0	0
189.937	0.0148351	0	0	0
43.1591	0.0720905	0	0	0
12.0987	0.237154	0	0	0
3.80632	0.469199	0	0	0
1.27289	0.35652	0	0	0
3
3.19646	-0.112649	0	0	0
0.747813	-0.229506	0	0	0
0.219966	1.18692	0	0	0
1
0.0823099	1	0	0	0
2
1.27858	1.23151	0.395504	0	0
1.27858	-1.23151	-0.395504	0	0
2
0.299125	1.23151	0.81769	0	0
0.299125	-1.23151	-0.81769	0	0
2
0.0879864	1.23151	1.50767	0	0
0.0879864	-1.23151	-1.50767	0	0
2
0.032924	1.23151	2.46467	0	0
0.032924	-1.23151	-2.46467	0	0
2
1.27858	1.23151	0	0.395504	0
1.27858	-1.23151	0	-0.395504	0
2
0.299125	1.23151	0	0.81769	0
0.299125	-1.23151	0	-0.81769	0
2
0.0879864	1.23151	0	1.50767	0
0.0879864	-1.23151	0	-1.50767	0
2
0.032924	1.23151	0	2.46467	0
0.032924	-1.23151	0	-2.46467	0
2
1.27858	1.23151	0	0	0.395504
1.27858	-1.23151	0	0	-0.395504
2
0.299125	1.23151	0	0	0.81769
0.299125	-1.23151	0	0	-0.81769
2
0.0879864	1.23151	0	0	1.50767
0.0879864	-1.23151	0	0	-1.50767
2
0.032924	1.23151	0	0	2.46467
0.032924	-1.23151	0	0	-2.46467
