22
6
2068.88	0.00186627	0	0	0
310.65	0.0142515	0	0	0
70.683	0.0695516	0	0	0
19.8611	0.232573	0	0	0
6.2993	0.467079	0	0	0
2.12703	0.363431	0	0	0
3
4.72797	-0.130394	0	0	0
1.19034	-0.130789	0	0	0
0.359412	1.13094	0	0	0
1
0.126751	1	0	0	0
1
0.315	1	0	0	0
2
1.49717	0.854258	0.621255	0	0
1.49717	-0.854258	-0.621255	0	0
2
0.310743	0.854258	1.36366	0	0
0.310743	-0.854258	-1.36366	0	0
2
0.0893927	0.854258	2.54246	0	0
0.0893927	-0.854258	-2.54246	0	0
2
1.49717	0.854258	0	0.621255	0
1.49717	-0.854258	0	-0.621255	0
2
0.310743	0.854258	0	1.36366	0
0.310743	-0.854258	0	-1.36366	0
2
0.0893927	0.854258	0	2.54246	0
0.0893927	-0.854258	0	-2.54246	0
2
1.49717	0.854258	0	0	0.621255
1.49717	-0.854258	0	0	-0.621255
2
0.310743	0.854258	0	0	1.36366
0.310743	-0.854258	0	0	-1.36366
2
0.0893927	0.854258	0	0	2.54246
0.0893927	-0.854258	0	0	-2.54246
2
1.49717	0.854258	0.621255	0	0
1.49717	-0.854258	-0.621255	0	0
2
0.310743	0.854258	1.36366	0	0
0.310743	-0.854258	-1.36366	0	0
2
0.0893927	0.854258	2.54246	0	0
0.0893927	-0.854258	-2.54246	0	0
2
1.49717	0.854258	0	0.621255	0
1.49717	-0.854258	0	-0.621255	0
2
0.310743	0.854258	0	1.36366	0
0.310743	-0.854258	0	-1.36366	0
2
0.0893927	0.854258	0	2.54246	0
0.0893927	-0.854258	0	-2.54246	0
2
1.49717	0.854258	0	0	0.621255
1.49717	-0.854258	0	0	-0.621255
2
0.310743	0.854258	0	0	1.36366
0.310743	-0.854258	0	0	-1.36366
2
0.0893927	0.854258	0	0	2.54246
0.0893927	-0.854258	0	0	-2.54246
