15
6
3047.52	0.00183474	0	0	0
457.37	0.0140373	0	0	0
103.949	0.0688426	0	0	0
29.2102	0.232184	0	0	0
9.28666	0.467941	0	0	0
3.16393	0.362312	0	0	0
3
7.86827	-0.119332	0	0	0
1.88129	-0.160854	0	0	0
0.544249	1.14346	0	0	0
1
0.168714	1	0	0	0
2
3.14731	1.23151	0.252084	0	0
3.14731	-1.23151	-0.252084	0	0
2
0.752516	1.23151	0.515534	0	0
0.752516	-1.23151	-0.515534	0	0
2
0.2177	1.23151	0.958487	0	0
0.2177	-1.23151	-0.958487	0	0
2
0.0674856	1.23151	1.72151	0	0
0.0674856	-1.23151	-1.72151	0	0
2
3.14731	1.23151	0	0.252084	0
3.14731	-1.23151	0	-0.252084	0
2
0.752516	1.23151	0	0.515534	0
0.752516	-1.23151	0	-0.515534	0
2
0.2177	1.23151	0	0.958487	0
0.2177	-1.23151	0	-0.958487	0
2
0.0674856	1.23151	0	1.72151	0
0.0674856	-1.23151	0	-1.72151	0
2
3.14731	1.23151	0	0	0.252084
3.14731	-1.23151	0	0	-0.252084
2
0.752516	1.23151	0	0	0.515534
0.752516	-1.23151	0	0	-0.515534
2
0.2177	1.23151	0	0	0.958487
0.2177	-1.23151	0	0	-0.958487
2
0.0674856	1.23151	0	0	1.72151
0.0674856	-1.23151	0	0	-1.72151
