12
6
4173.51	0.00183477	0	0	0
627.458	0.0139946	0	0	0
142.902	0.0685866	0	0	0
40.2343	0.232241	0	0	0
12.8202	0.46907	0	0	0
4.39044	0.360455	0	0	0
3
11.6264	-0.114961	0	0	0
2.71628	-0.169117	0	0	0
0.772218	1.14585	0	0	0
1
0.212031	1	0	0	0
2
6.26987	0.854258	0.303582	0	0
6.26987	-0.854258	-0.303582	0	0
2
1.32806	0.854258	0.659624	0	0
1.32806	-0.854258	-0.659624	0	0
2
0.327297	0.854258	1.32872	0	0
0.327297	-0.854258	-1.32872	0	0
2
6.26987	0.854258	0	0.303582	0
6.26987	-0.854258	0	-0.303582	0
2
1.32806	0.854258	0	0.659624	0
1.32806	-0.854258	0	-0.659624	0
2
0.327297	0.854258	0	1.32872	0
0.327297	-0.854258	0	-1.32872	0
2
6.26987	0.854258	0	0	0.303582
6.26987	-0.854258	0	0	-0.303582
2
1.32806	0.854258	0	0	0.659624
1.32806	-0.854258	0	0	-0.659624
2
0.327297	0.854258	0	0	1.32872
0.327297	-0.854258	0	0	-1.32872
