12
6
5484.67	0.00183107	0	0	0
825.235	0.0139502	0	0	0
188.047	0.0684451	0	0	0
52.9645	0.232714	0	0	0
16.8976	0.470193	0	0	0
5.79964	0.358521	0	0	0
3
15.5396	-0.110778	0	0	0
3.59993	-0.148026	0	0	0
1.01376	1.13077	0	0	0
1
0.270006	1	0	0	0
2
8.5555	0.854258	0.259886	0	0
8.5555	-0.854258	-0.259886	0	0
2
1.8216	0.854258	0.563222	0	0
1.8216	-0.854258	-0.563222	0	0
2
0.431863	0.854258	1.15673	0	0
0.431863	-0.854258	-1.15673	0	0
2
8.5555	0.854258	0	0.259886	0
8.5555	-0.854258	0	-0.259886	0
2
1.8216	0.854258	0	0.563222	0
1.8216	-0.854258	0	-0.563222	0
2
0.431863	0.854258	0	1.15673	0
0.431863	-0.854258	0	-1.15673	0
2
8.5555	0.854258	0	0	0.259886
8.5555	-0.854258	0	0	-0.259886
2
1.8216	0.854258	0	0	0.563222
1.8216	-0.854258	0	0	-0.563222
2
0.431863	0.854258	0	0	1.15673
0.431863	-0.854258	0	0	-1.15673
