15
6
7001.71	0.00181962	0	0	0
1051.37	0.0139161	0	0	0
239.286	0.0684053	0	0	0
67.3974	0.233186	0	0	0
21.52	0.471267	0	0	0
7.4031	0.356619	0	0	0
3
20.848	-0.108507	0	0	0
4.80831	-0.146452	0	0	0
1.34407	1.12869	0	0	0
1
0.358151	1	0	0	0
2
10.007	1.14525	0.154865	0	0
10.007	-1.14525	-0.154865	0	0
2
2.30799	1.14525	0.32247	0	0
2.30799	-1.14525	-0.32247	0	0
2
0.645154	1.14525	0.609922	0	0
0.645154	-1.14525	-0.609922	0	0
2
0.171913	1.14525	1.18155	0	0
0.171913	-1.14525	-1.18155	0	0
2
10.007	1.14525	0	0.154865	0
10.007	-1.14525	0	-0.154865	0
2
2.30799	1.14525	0	0.32247	0
2.30799	-1.14525	0	-0.32247	0
2
0.645154	1.14525	0	0.609922	0
0.645154	-1.14525	0	-0.609922	0
2
0.171913	1.14525	0	1.18155	0
0.171913	-1.14525	0	-1.18155	0
2
10.007	1.14525	0	0	0.154865
10.007	-1.14525	0	0	-0.154865
2
2.30799	1.14525	0	0	0.32247
2.30799	-1.14525	0	0	-0.32247
2
0.645154	1.14525	0	0	0.609922
0.645154	-1.14525	0	0	-0.609922
2
0.171913	1.14525	0	0	1.18155
0.171913	-1.14525	0	0	-1.18155
